  50
    20.0     1.0     0.1000     0.9000
    20.0     1.0     0.1000     0.9000
    40.0     1.0     0.1000     0.9000
    40.0     1.0     0.1000     0.9000
    70.0     1.0     0.1000     0.9000
   100.0     1.0     0.1000     0.9000
   100.0     1.0     0.1000     0.9000
   110.0     1.0     0.1000     0.9000
   110.0     1.0     0.1000     0.9000
   110.0     1.0     0.1000     0.9000
   110.0     1.0     0.1000     0.9000
   110.0     1.0     0.1000     0.9000
   110.0     1.0     0.1000     0.9000
   110.0     1.0     0.1000     0.9000
   110.0     1.0     0.1000     0.9000
   110.0     1.0     0.1000     0.9000
   100.0     1.0     0.1000     0.9000
   110.0     1.0     0.1000     0.9000
   110.0     1.0     0.1000     0.9000
   110.0     1.0     0.1000     0.9000
   110.0     1.0     0.1000     0.9000
   110.0     1.0     0.1000     0.9000
   110.0     1.0     0.1000     0.9000
   110.0     1.0     0.1000     0.9000
   110.0     1.0     0.1000     0.9000
   110.0     1.0     0.1000     0.9000
   110.0     1.0     0.1000     0.9000
   110.0     1.0     0.1000     0.9000
   110.0     1.0     0.1000     0.9000
   110.0     1.0     0.1000     0.9000
   110.0     1.0     0.1000     0.9000
   110.0     1.0     0.1000     0.9000
   110.0     1.0     0.1000     0.9000
   110.0     1.0     0.1000     0.9000
   110.0     1.0     0.1000     0.9000
   110.0     1.0     0.1000     0.9000
   110.0     1.0     0.1000     0.9000
   110.0     1.0     0.1000     0.9000
   110.0     3.0     0.1000     0.9000
   110.0     3.0     0.1000     0.9000
   110.0     3.0     0.1000     0.9000
   110.0     3.0     0.1000     0.9000
   110.0     3.0     0.1000     0.9000
   110.0     3.0     0.1000     0.9000
   110.0     3.0     0.1000     0.9000
   110.0     3.0     0.1000     0.9000
   110.0     3.0     0.1000     0.9000
   110.0     3.0     0.1000     0.9000
   110.0     3.0     0.1000     0.9000
   110.0     3.0     0.1000     0.9000
