  50
    20.0     1.0     0.5000     0.5000
    20.0     1.0     0.5000     0.5000
    30.0     1.0     0.5000     0.5000
    30.0     1.0     0.5000     0.5000
    40.0     1.0     0.5000     0.5000
    40.0     1.0     0.5000     0.5000
    50.0     1.0     0.5000     0.5000
    50.0     1.0     0.5000     0.5000
    60.0     2.0     0.5000     0.5000
    60.0     2.0     0.5000     0.5000
    70.0     2.0     0.5000     0.5000
    70.0     2.0     0.5000     0.5000
    80.0     2.0     0.5000     0.5000
    80.0     2.0     0.5000     0.5000
    90.0     2.0     0.5000     0.5000
    90.0     2.0     0.5000     0.5000
   100.0     2.0     0.5000     0.5000
   110.0     3.0     0.5000     0.5000
   110.0     3.0     0.5000     0.5000
   110.0     3.0     0.5000     0.5000
   110.0     3.0     0.5000     0.5000
   110.0     3.0     0.5000     0.5000
   110.0     3.0     0.5000     0.5000
   110.0     3.0     0.5000     0.5000
   110.0     3.0     0.5000     0.5000
   110.0     3.0     0.5000     0.5000
   110.0     3.0     0.5000     0.5000
   110.0     3.0     0.5000     0.5000
   110.0     3.0     0.5000     0.5000
   110.0     3.0     0.5000     0.5000
   110.0     3.0     0.5000     0.5000
   110.0     3.0     0.5000     0.5000
   110.0     3.0     0.5000     0.5000
   110.0     3.0     0.5000     0.5000
   110.0     3.0     0.5000     0.5000
   110.0     3.0     0.5000     0.5000
   110.0     3.0     0.5000     0.5000
   110.0     3.0     0.5000     0.5000
   110.0     3.0     0.5000     0.5000
   110.0     3.0     0.5000     0.5000
   110.0     3.0     0.5000     0.5000
   110.0     3.0     0.5000     0.5000
   110.0     3.0     0.5000     0.0000
   110.0     3.0     0.5000     0.0000
   110.0     3.0     0.5000     0.0000
   110.0     3.0     0.5000     0.0000
   110.0     3.0     0.5000     0.0000
   110.0     3.0     0.5000     0.0000
   110.0     3.0     0.5000     0.0000
   110.0     3.0     0.5000     0.0000
